

=== Predictions on training data ===

    inst#     actual  predicted error distribution (IP_ES_25_N1)
        1      0.73       0.595     -0.135 (protein|4)
        2      0.63       0.404     -0.226 (protein|63)
        3      0.63       0.479     -0.151 (protein|80)
        4      0.62       0.471     -0.149 (protein|95)
        5      0.55       0.483     -0.067 (protein|122)
        6      0.64       0.418     -0.222 (protein|136)
        7      0.64       0.318     -0.322 (protein|153)
        8      0.64       0.405     -0.235 (protein|164)
        9      0.68       0.279     -0.401 (protein|202)
       10      0.55       0.419     -0.131 (protein|236)
       11      0.56       0.457     -0.103 (protein|265)
       12      0.54       0.341     -0.199 (protein|289)
       13      0.64       0.334     -0.306 (protein|319)
       14      0.61       0.345     -0.265 (protein|329)
       15      0.59       0.399     -0.191 (protein|359)
       16      0.64       0.466     -0.174 (protein|417)
       17      0.62       0.498     -0.122 (protein|427)
       18      0.6        0.459     -0.141 (protein|432)
       19      0.61       0.448     -0.162 (protein|462)
       20      0.59       0.339     -0.251 (protein|524)
       21      0.62       0.367     -0.253 (protein|537)
       22      0.6        0.316     -0.284 (protein|574)
       23      0.63       0.415     -0.215 (protein|614)
       24      0.64       0.341     -0.299 (protein|616)
       25      0.6        0.407     -0.193 (protein|643)
       26      0.6        0.229     -0.371 (protein|653)
       27      0.63       0.427     -0.203 (protein|715)
       28      0.63       0.37      -0.26  (protein|722)
       29      0.64       0.523     -0.117 (protein|740)
       30      0.57       0.386     -0.184 (protein|765)
       31      0.57       0.217     -0.353 (protein|810)
       32      0.6        0.304     -0.296 (protein|824)
       33      0.6        0.509     -0.091 (protein|847)
       34      0.63       0.578     -0.052 (protein|870)
       35      0.63       0.649      0.019 (protein|874)
       36      0.63       0.593     -0.037 (protein|896)
       37      0.64       0.649      0.009 (protein|913)
       38      0.64       0.518     -0.122 (protein|925)
       39      0.73       0.547     -0.183 (protein|8)
       40      0.63       0.415     -0.215 (protein|65)
       41      0.63       0.444     -0.186 (protein|94)
       42      0.62       0.458     -0.162 (protein|96)
       43      0.55       0.469     -0.081 (protein|130)
       44      0.64       0.4       -0.24  (protein|143)
       45      0.64       0.364     -0.276 (protein|154)
       46      0.71       0.231     -0.479 (protein|192)
       47      0.52       0.407     -0.113 (protein|228)
       48      0.49       0.377     -0.113 (protein|240)
       49      0.52       0.357     -0.163 (protein|279)
       50      0.62       0.317     -0.303 (protein|294)
       51      0.61       0.345     -0.265 (protein|327)
       52      0.58       0.338     -0.242 (protein|341)
       53      0.65       0.407     -0.243 (protein|412)
       54      0.61       0.457     -0.153 (protein|420)
       55      0.62       0.473     -0.147 (protein|429)
       56      0.61       0.483     -0.127 (protein|447)
       57      0.52       0.305     -0.215 (protein|475)
       58      0.59       0.353     -0.237 (protein|530)
       59      0.62       0.455     -0.165 (protein|548)
       60      0.58       0.355     -0.225 (protein|577)
       61      0.64       0.352     -0.288 (protein|615)
       62      0.6        0.326     -0.274 (protein|640)
       63      0.6        0.25      -0.35  (protein|652)
       64      0.62       0.42      -0.2   (protein|713)
       65      0.63       0.387     -0.243 (protein|720)
       66      0.62       0.427     -0.193 (protein|729)
       67      0.64       0.443     -0.197 (protein|745)
       68      0.6        0.238     -0.362 (protein|791)
       69      0.61       0.224     -0.386 (protein|814)
       70      0.61       0.52      -0.09  (protein|844)
       71      0.6        0.576     -0.024 (protein|860)
       72      0.63       0.642      0.012 (protein|873)
       73      0.61       0.577     -0.033 (protein|889)
       74      0.63       0.666      0.036 (protein|900)
       75      0.64       0.644      0.004 (protein|915)
       76      0.65       0.382     -0.268 (protein|928)

